x
2.18802184933088
4.45828875059073
-4.47013361307149
1.72252976497333
-4.63097829703885
4.07752518651781
-3.16860363806348
3.98279747998203
2.92744884990321
-0.119298555970878
2.88354906746845
-7.24858493199984
1.73840782491505
-4.735821724802
1.5800242736978
1.95688552340612
0.0784702187465325
3.99120834270207
-5.06867982790196
1.3179118720576
-7.16470437168343
3.0543346135336
-1.01493559645829
4.87823524672306
3.85402723183984
-1.32102456757035
0.929217476928039
-6.85614463427219
0.741207029075952
-4.12811128140704
4.88378762523072
0.303027440448385
0.780107220310803
2.28008394711288
-3.76434092641874
1.23415668719164
-7.57841981858977
1.48018875811767
-1.90155212280244
3.12178239476377
2.36678063798451
0.23424016918178
0.0257673744990978
-8.08771391516401
0.806223977812284
-5.00434675961185
5.31423512860063
2.4287284995273
1.59648931550311
1.84144102878061
-5.11229015937618
1.14763161128534
-5.99461720386836
2.66433456060909
-0.676921757188842
4.27020742415312
4.0631182701784
0.678357572290253
1.07166065962522
-6.68579664670589
0.0664325562185837
-3.55719389078745
3.67194004761621
0.100407686848371
-0.00571589199010702
2.40307171064328
-6.24863174334479
0.262240368979074
-4.56984484636531
3.05247540909248
0.911789589939733
3.75836798657927
4.04567959770263
-2.27885662709307
-0.171300028038674
-8.07655038878243
2.5040593671255
-4.18398589508201
4.00002244607032
0.0610613645017104
0.399997743644077
2.00517063177374
-4.5565261672251
3.11148916853614
-4.35928540754484
2.23502251173456
-2.93524563411332
2.27434838785153
2.12536198113236
-2.66616414085381
1.72634966500213
-6.86985170527089
3.53710780071326
-3.78282496760711
6.16978556432125
2.2493328192651
